# 1000
0.000000000000000000e+00 2.672911821202765081e-18 2.248837924404286691e-14
1.501501501501501488e-02 2.671188625755802755e-18 2.407068197196537489e-14
3.003003003003002977e-02 2.669462119947685762e-18 2.576434333232353721e-14
4.504504504504504292e-02 2.667732311669944017e-18 2.757720238720030551e-14
6.006006006006005954e-02 2.665970414402215091e-18 2.943446172745780771e-14
7.507507507507507616e-02 2.664194807473130615e-18 3.138382378510693773e-14
9.009009009009008584e-02 2.662416269094891612e-18 3.346231777250171872e-14
1.051051051051051094e-01 2.660648867633954044e-18 3.563837677629509156e-14
1.201201201201201191e-01 2.658911792742820582e-18 3.785647282373163699e-14
1.351351351351351426e-01 2.657172476835948417e-18 4.021265102293928211e-14
1.501501501501501523e-01 2.655430922919745390e-18 4.271550928055756127e-14
1.651651651651651620e-01 2.653770120998005623e-18 4.526488620001286641e-14
1.801801801801801717e-01 2.652143307916371157e-18 4.791618154393242946e-14
1.951951951951951814e-01 2.650514431341472744e-18 5.072280257510103583e-14
2.102102102102102188e-01 2.648883493151285828e-18 5.369385094517239098e-14
2.252252252252252285e-01 2.647343754132675482e-18 5.665851318805623367e-14
2.402402402402402382e-01 2.645810251045191218e-18 5.977053761076436518e-14
2.552552552552552756e-01 2.644274969984471309e-18 6.305352354706561892e-14
2.702702702702702853e-01 2.642737911776596027e-18 6.651686464473605566e-14
2.852852852852852950e-01 2.641348002220878433e-18 6.995359010197085380e-14
3.003003003003003046e-01 2.639962985190806064e-18 7.355794332023695064e-14
3.153153153153153143e-01 2.638576344988126345e-18 7.734804322544864522e-14
3.303303303303303240e-01 2.637188082070143254e-18 8.133346383224410908e-14
3.453453453453453337e-01 2.635942215822500894e-18 8.530706961826978077e-14
3.603603603603603434e-01 2.634730475220595207e-18 8.941876035870178884e-14
3.753753753753753530e-01 2.633517380119772063e-18 9.372865779373999470e-14
3.903903903903903627e-01 2.632302930458607393e-18 9.824631803071197508e-14
4.054054054054054279e-01 2.631178868793597557e-18 1.028463704185618296e-13
4.204204204204204376e-01 2.630170381926642957e-18 1.074816664652038879e-13
4.354354354354354473e-01 2.629160718295840975e-18 1.123259060784179534e-13
4.504504504504504570e-01 2.628149877675283109e-18 1.173885091422697412e-13
4.654654654654654666e-01 2.627137859843725847e-18 1.226793202867589761e-13
4.804804804804804763e-01 2.626318690281694638e-18 1.278822895608859520e-13
4.954954954954954860e-01 2.625528882017877610e-18 1.332527088886976064e-13
5.105105105105105512e-01 2.624738032600611678e-18 1.388486861381112741e-13
5.255255255255255609e-01 2.623946141481773327e-18 1.446796959264102329e-13
5.405405405405405705e-01 2.623161104068067706e-18 1.507290293529648405e-13
5.555555555555555802e-01 2.622493304459834127e-18 1.566175055152143536e-13
5.705705705705705899e-01 2.621824694435861494e-18 1.627360556382452510e-13
5.855855855855855996e-01 2.621155273676121494e-18 1.690936703869006277e-13
6.006006006006006093e-01 2.620485041862254826e-18 1.756996918061944739e-13
6.156156156156156189e-01 2.619820413922893555e-18 1.825497499236572442e-13
6.306306306306306286e-01 2.619380405432306080e-18 1.891538506703990973e-13
6.456456456456456383e-01 2.618939743925570957e-18 1.959968948920742940e-13
6.606606606606606480e-01 2.618498428962384010e-18 2.030875288135363852e-13
6.756756756756756577e-01 2.618056460103060824e-18 2.104347115618276801e-13
6.906906906906906674e-01 2.617613836908571031e-18 2.180477264912890491e-13
7.057057057057056770e-01 2.617230594768150440e-18 2.254699502032477973e-13
7.207207207207206867e-01 2.616867152480305884e-18 2.329811887518420949e-13
7.357357357357356964e-01 2.616503107512909049e-18 2.407426865372021350e-13
7.507507507507507061e-01 2.616138459414831260e-18 2.487627827742863996e-13
7.657657657657657158e-01 2.615773207735166096e-18 2.570500945966321846e-13
7.807807807807807254e-01 2.615446681774569071e-18 2.654729516797066219e-13
7.957957957957957351e-01 2.615278418909152602e-18 2.735864822702367489e-13
8.108108108108108558e-01 2.615109688862237061e-18 2.819480147173667234e-13
8.258258258258258655e-01 2.614940491242754668e-18 2.905651305329109063e-13
8.408408408408408752e-01 2.614770825659709675e-18 2.994456430284196766e-13
8.558558558558558849e-01 2.614600691722152553e-18 3.085976044032230533e-13
8.708708708708708945e-01 2.614431041459602548e-18 3.176970494961534673e-13
8.858858858858859042e-01 2.614262450930812749e-18 3.265176465801246124e-13
9.009009009009009139e-01 2.614093395638668745e-18 3.355831706067049626e-13
9.159159159159159236e-01 2.613923875327437084e-18 3.449004234614012653e-13
9.309309309309309333e-01 2.613753889741647781e-18 3.544763959491762417e-13
9.459459459459459429e-01 2.613583438626085459e-18 3.643182730422667718e-13
9.609609609609609526e-01 2.613452069613794340e-18 3.741460573856102535e-13
9.759759759759759623e-01 2.613420083062252512e-18 3.834951180210713605e-13
9.909909909909909720e-01 2.613387685269453456e-18 3.930778238634542764e-13
1.006006006006006093e+00 2.613354876046699950e-18 4.029000148472335222e-13
1.021021021021021102e+00 2.613321655205523185e-18 4.129676768963102185e-13
1.036036036036036112e+00 2.613288022557658502e-18 4.232869455740494816e-13
1.051051051051051122e+00 2.613253977915058487e-18 4.338641098245920807e-13
1.066066066066066131e+00 2.613182477831831204e-18 4.436531968980977569e-13
1.081081081081081141e+00 2.613104935223577558e-18 4.535028830603618477e-13
1.096096096096096151e+00 2.613026868084318425e-18 4.635712814390925038e-13
1.111111111111111160e+00 2.612948276265893939e-18 4.738632493480593171e-13
1.126126126126126170e+00 2.612869159620346072e-18 4.843837519938254107e-13
1.141141141141141180e+00 2.612789517999914399e-18 4.951378648727144005e-13
1.156156156156156189e+00 2.612722641591521604e-18 5.059429702414064023e-13
1.171171171171171199e+00 2.612734462638382804e-18 5.158409088393080318e-13
1.186186186186186209e+00 2.612745691723314680e-18 5.259325229025010007e-13
1.201201201201201219e+00 2.612756328615272661e-18 5.362216028963747586e-13
1.216216216216216228e+00 2.612766373082821213e-18 5.467120134856883406e-13
1.231231231231231238e+00 2.612775824894161185e-18 5.574076949873535747e-13
1.246246246246246248e+00 2.612784683817132122e-18 5.683126648516623150e-13
1.261261261261261257e+00 2.612773903706211077e-18 5.791691259910952001e-13
1.276276276276276267e+00 2.612654823439196746e-18 5.887299624960606282e-13
1.291291291291291277e+00 2.612534652145082011e-18 5.984486834314894271e-13
1.306306306306306286e+00 2.612413388746056388e-18 6.083278970330669162e-13
1.321321321321321296e+00 2.612291032162206274e-18 6.183702546418821960e-13
1.336336336336336306e+00 2.612167581311498390e-18 6.285784514171334059e-13
1.351351351351351315e+00 2.612043035109816754e-18 6.389552270606312110e-13
1.366366366366366325e+00 2.611917392470936109e-18 6.495033665532615717e-13
1.381381381381381335e+00 2.611816896310858843e-18 6.587455520478868995e-13
1.396396396396396344e+00 2.611723619710065516e-18 6.676407469026619795e-13
1.411411411411411354e+00 2.611629174640928545e-18 6.766561229134234260e-13
1.426426426426426364e+00 2.611533560105108247e-18 6.857933048053624212e-13
1.441441441441441373e+00 2.611436775102542387e-18 6.950539392827693052e-13
1.456456456456456383e+00 2.611338818631471216e-18 7.044396953265745419e-13
1.471471471471471393e+00 2.611239689688396639e-18 7.139522644959312779e-13
1.486486486486486402e+00 2.611139387268150398e-18 7.235933612338804906e-13
1.501501501501501412e+00 2.611038567980339932e-18 7.314890192392882226e-13
1.516516516516516422e+00 2.610936469149882539e-18 7.394038413209719712e-13
1.531531531531531432e+00 2.610833064640192871e-18 7.474043688043435283e-13
1.546546546546546441e+00 2.610728353818867177e-18 7.554915305341392180e-13
1.561561561561561451e+00 2.610622336051088519e-18 7.636662654311813250e-13
1.576576576576576461e+00 2.610515010699636783e-18 7.719295226018089804e-13
1.591591591591591470e+00 2.610406377124911788e-18 7.802822614484928690e-13
1.606606606606606702e+00 2.610296434684902476e-18 7.887254517816418358e-13
1.621621621621621712e+00 2.610250423367979928e-18 7.957223624918356473e-13
1.636636636636636721e+00 2.610215416258814892e-18 8.024875683902438405e-13
1.651651651651651731e+00 2.610179037226027213e-18 8.093103561599676865e-13
1.666666666666666741e+00 2.610141286464503283e-18 8.161912165019234031e-13
1.681681681681681750e+00 2.610102164165112774e-18 8.231306443044532631e-13
1.696696696696696760e+00 2.610061670514708638e-18 8.301291386791158980e-13
1.711711711711711770e+00 2.610019805696118636e-18 8.371872029967800289e-13
1.726726726726726779e+00 2.609976569888186162e-18 8.443053449240484850e-13
1.741741741741741789e+00 2.609965652850609848e-18 8.508896533808661122e-13
1.756756756756756799e+00 2.610026232478993569e-18 8.562289163875170989e-13
1.771771771771771808e+00 2.610085255434563270e-18 8.616017540515967628e-13
1.786786786786786818e+00 2.610142723327338993e-18 8.670083779433158481e-13
1.801801801801801828e+00 2.610198637759561561e-18 8.724490009692846394e-13
1.816816816816816837e+00 2.610253000325722243e-18 8.779238373809869187e-13
1.831831831831831847e+00 2.610305812612536171e-18 8.834331027832892626e-13
1.846846846846846857e+00 2.610357076199000122e-18 8.889770141430259696e-13
1.861861861861861867e+00 2.610406792656363625e-18 8.945557897976123606e-13
1.876876876876876876e+00 2.610480231749739654e-18 8.993906936217948450e-13
1.891891891891891886e+00 2.610591224312311014e-18 9.030353833595438293e-13
1.906906906906906896e+00 2.610700399245945290e-18 9.066949214709280875e-13
1.921921921921921905e+00 2.610807760603507828e-18 9.103693686880132805e-13
1.936936936936936915e+00 2.610913312421260145e-18 9.140587859926286804e-13
1.951951951951951925e+00 2.611017058718889978e-18 9.177632346173995313e-13
1.966966966966966934e+00 2.611119003499548256e-18 9.214827760467877896e-13
1.981981981981981944e+00 2.611219150749883387e-18 9.252174720181368037e-13
1.996996996996996954e+00 2.611317504440066676e-18 9.289673845227137713e-13
2.012012012012012185e+00 2.611414068523837781e-18 9.327325758067677469e-13
2.027027027027027195e+00 2.611603431485068670e-18 9.347880274289382894e-13
2.042042042042042205e+00 2.611797132254918683e-18 9.367264489815045464e-13
2.057057057057057214e+00 2.611988498954803093e-18 9.386689839305758066e-13
2.072072072072072224e+00 2.612177540249601669e-18 9.406156409807493510e-13
2.087087087087087234e+00 2.612364264763385648e-18 9.425664288560737257e-13
2.102102102102102243e+00 2.612548681079528674e-18 9.445213563000766111e-13
2.117117117117117253e+00 2.612730797740832364e-18 9.464804320758191456e-13
2.132132132132132263e+00 2.612910623249641095e-18 9.484436649659328824e-13
2.147147147147147273e+00 2.613088166067991456e-18 9.504110637726694688e-13
2.162162162162162282e+00 2.613279054743762141e-18 9.521241951979269373e-13
2.177177177177177292e+00 2.613560123407575753e-18 9.523029029355142990e-13
2.192192192192192302e+00 2.613838228085628670e-18 9.524817537990945418e-13
2.207207207207207311e+00 2.614113384409935434e-18 9.526607474460444477e-13
2.222222222222222321e+00 2.614385607922669422e-18 9.528398835365381878e-13
2.237237237237237331e+00 2.614654914076512979e-18 9.530191617335117793e-13
2.252252252252252340e+00 2.614921318235039910e-18 9.531985817026523824e-13
2.267267267267267350e+00 2.615184835673083331e-18 9.533781431123756822e-13
2.282282282282282360e+00 2.615445481577112380e-18 9.535578456338149831e-13
2.297297297297297369e+00 2.615703271045594678e-18 9.537376889407890992e-13
2.312312312312312379e+00 2.615958219089384983e-18 9.539176727098045759e-13
2.327327327327327389e+00 2.616264587976307385e-18 9.528931724497516915e-13
2.342342342342342398e+00 2.616584834423664252e-18 9.514784805297882523e-13
2.357357357357357408e+00 2.616901189292337442e-18 9.500660242073159465e-13
2.372372372372372418e+00 2.617213680940803754e-18 9.486557990394527883e-13
2.387387387387387427e+00 2.617522337517731105e-18 9.472478006004670572e-13
2.402402402402402437e+00 2.617827186963167986e-18 9.458420244815999873e-13
2.417417417417417447e+00 2.618128257009811105e-18 9.444384662909718609e-13
2.432432432432432456e+00 2.618425575184200622e-18 9.430371216534364044e-13
2.447447447447447466e+00 2.618719168807953129e-18 9.416379862104535603e-13
2.462462462462462476e+00 2.619009064998983460e-18 9.402410556199711455e-13
2.477477477477477485e+00 2.619295290672729966e-18 9.388463255562945949e-13
2.492492492492492495e+00 2.619599849572468267e-18 9.362356311343055431e-13
2.507507507507507505e+00 2.619901842396163727e-18 9.334953825162634401e-13
2.522522522522522515e+00 2.620198761897547367e-18 9.307633193348397774e-13
2.537537537537537524e+00 2.620490657387877956e-18 9.280394155049179700e-13
2.552552552552552534e+00 2.620777577698051513e-18 9.253236450450090288e-13
2.567567567567567544e+00 2.621059571182634590e-18 9.226159820765845246e-13
2.582582582582582553e+00 2.621336685723860960e-18 9.199164008233968307e-13
2.597597597597597563e+00 2.621608968735666826e-18 9.172248756108415707e-13
2.612612612612612573e+00 2.621876467167651690e-18 9.145413808652873528e-13
2.627627627627627582e+00 2.622139227509028432e-18 9.118658911134325637e-13
2.642642642642642592e+00 2.622397295792582642e-18 9.091983809816696349e-13
2.657657657657657602e+00 2.622661052710665413e-18 9.059485714291735560e-13
2.672672672672672611e+00 2.622926437475574798e-18 9.022789334440872422e-13
2.687687687687687621e+00 2.623185569526320385e-18 8.986243563183243435e-13
2.702702702702702631e+00 2.623438526478511794e-18 8.949847757706506322e-13
2.717717717717717640e+00 2.623685384965987353e-18 8.913601278334591468e-13
2.732732732732732650e+00 2.623926220652334621e-18 8.877503488505905627e-13
2.747747747747747660e+00 2.624161108242311545e-18 8.841553754751721427e-13
2.762762762762762669e+00 2.624390121493116227e-18 8.805751446674643610e-13
2.777777777777777679e+00 2.624613333225619720e-18 8.770095936927578130e-13
2.792792792792792689e+00 2.624830815335454759e-18 8.734586601192859774e-13
2.807807807807807698e+00 2.625042638804004351e-18 8.699222818161386854e-13
2.822822822822822708e+00 2.625248873709322182e-18 8.664003969512440510e-13
2.837837837837837718e+00 2.625477248797678861e-18 8.624312087044457971e-13
2.852852852852852727e+00 2.625717758461894861e-18 8.581593187037901298e-13
2.867867867867867737e+00 2.625950730955827988e-18 8.539088156977053252e-13
2.882882882882882747e+00 2.626176284891959535e-18 8.496795891096895690e-13
2.897897897897897757e+00 2.626394536926572167e-18 8.454715290046523632e-13
2.912912912912912766e+00 2.626605601791419137e-18 8.412845260836764895e-13
2.927927927927927776e+00 2.626809592324958639e-18 8.371184716789003344e-13
2.942942942942942786e+00 2.627006619503129395e-18 8.329732577484473686e-13
2.957957957957957795e+00 2.627196792469664409e-18 8.288487768714180293e-13
2.972972972972972805e+00 2.627380218565979085e-18 8.247449222429786378e-13
2.987987987987987815e+00 2.627557003360582493e-18 8.206615876694826295e-13
3.003003003003002824e+00 2.627727250678085337e-18 8.165986675636844781e-13
3.018018018018017834e+00 2.627892408809327854e-18 8.125228901423857608e-13
3.033033033033032844e+00 2.628068783022073929e-18 8.080140666278671624e-13
3.048048048048047853e+00 2.628237162768756730e-18 8.035304991714944000e-13
3.063063063063062863e+00 2.628397696368881668e-18 7.990720421892088514e-13
3.078078078078077873e+00 2.628550529176693031e-18 7.946385510314592926e-13
3.093093093093092882e+00 2.628695803641340427e-18 7.902298819747957955e-13
3.108108108108107892e+00 2.628833659365913922e-18 7.858458922135920658e-13
3.123123123123122902e+00 2.628964233165302833e-18 7.814864398519113654e-13
3.138138138138137911e+00 2.629087659122868911e-18 7.771513838954889595e-13
3.153153153153152921e+00 2.629204068646041775e-18 7.728405842438287648e-13
3.168168168168167931e+00 2.629313590520807323e-18 7.685539016824612547e-13
3.183183183183182940e+00 2.629416350965066776e-18 7.642911978752658858e-13
3.198198198198197950e+00 2.629512473680971513e-18 7.600523353569543772e-13
3.213213213213213404e+00 2.629602079906212126e-18 7.558371775256451686e-13
3.228228228228228414e+00 2.629609722050384753e-18 7.514213528721795125e-13
3.243243243243243423e+00 2.629606631234628789e-18 7.470192125991288232e-13
3.258258258258258433e+00 2.629597102637663715e-18 7.426430702374667409e-13
3.273273273273273443e+00 2.629581257679522932e-18 7.382927689341719455e-13
3.288288288288288452e+00 2.629559215195098747e-18 7.339681528593153790e-13
3.303303303303303462e+00 2.629531091491666042e-18 7.296690671973131536e-13
3.318318318318318472e+00 2.629497000405158721e-18 7.253953581383809037e-13
3.333333333333333481e+00 2.629457053355125737e-18 7.211468728700586177e-13
3.348348348348348491e+00 2.629411359398412146e-18 7.169234595688843061e-13
3.363363363363363501e+00 2.629360025281675375e-18 7.127249673921811635e-13
3.378378378378378510e+00 2.629303155492618413e-18 7.085512464699532798e-13
3.393393393393393520e+00 2.629240852310119852e-18 7.044021478969130195e-13
3.408408408408408530e+00 2.629173215853165983e-18 7.002775237246028140e-13
3.423423423423423539e+00 2.629084528049967084e-18 6.961725822298875512e-13
3.438438438438438549e+00 2.628909301371376766e-18 6.920678761929539660e-13
3.453453453453453559e+00 2.628730340936545579e-18 6.879875271215299188e-13
3.468468468468468568e+00 2.628547701690521884e-18 6.839313887741054171e-13
3.483483483483483578e+00 2.628361437450404667e-18 6.798993158186304097e-13
3.498498498498498588e+00 2.628171600931729550e-18 6.758911638260925244e-13
3.513513513513513598e+00 2.627978243774057078e-18 6.719067892641324696e-13
3.528528528528528607e+00 2.627781416565977456e-18 6.679460494907479907e-13
3.543543543543543617e+00 2.627581168869428497e-18 6.640088027480614393e-13
3.558558558558558627e+00 2.627377549243329472e-18 6.600949081561307620e-13
3.573573573573573636e+00 2.627170605266690354e-18 6.562042257068528807e-13
3.588588588588588646e+00 2.626960383561029246e-18 6.523366162579013022e-13
3.603603603603603656e+00 2.626746929812253652e-18 6.484919415267409745e-13
3.618618618618618665e+00 2.626530288791994765e-18 6.446700640847037260e-13
3.633633633633633675e+00 2.626310504378311603e-18 6.408708473511060146e-13
3.648648648648648685e+00 2.625976609841541760e-18 6.371847315702114116e-13
3.663663663663663694e+00 2.625595287252705669e-18 6.335568716605535172e-13
3.678678678678678704e+00 2.625212268233966593e-18 6.299497893107280828e-13
3.693693693693693714e+00 2.624827567699649752e-18 6.263633647082736459e-13
3.708708708708708723e+00 2.624441200207179745e-18 6.227974787413046783e-13
3.723723723723723733e+00 2.624053179966526456e-18 6.192520129941933240e-13
3.738738738738738743e+00 2.623663520849389051e-18 6.157268497433056629e-13
3.753753753753753752e+00 2.623272236398046009e-18 6.122218719527300982e-13
3.768768768768768762e+00 2.622879339834013717e-18 6.087369632700872300e-13
3.783783783783783772e+00 2.622484844066392294e-18 6.052720080223240788e-13
3.798798798798798781e+00 2.622088761699965285e-18 6.018268912115696997e-13
3.813813813813813791e+00 2.621691105043104830e-18 5.984014985110205858e-13
3.828828828828828801e+00 2.621291886115376394e-18 5.949957162608382876e-13
3.843843843843843811e+00 2.620891116654962839e-18 5.916094314640955020e-13
3.858858858858858820e+00 2.620488808125871640e-18 5.882425317827486147e-13
3.873873873873873830e+00 2.620030969594294150e-18 5.850164308823307638e-13
3.888888888888888840e+00 2.619522889638988123e-18 5.819177575791242748e-13
3.903903903903903849e+00 2.619013629132939138e-18 5.788355944181316798e-13
3.918918918918918859e+00 2.618503192331311837e-18 5.757698529391219497e-13
3.933933933933933869e+00 2.617991583349859726e-18 5.727204451599718247e-13
3.948948948948948878e+00 2.617478806168780502e-18 5.696872835739981760e-13
3.963963963963963888e+00 2.616964864636439646e-18 5.666702811473035968e-13
3.978978978978978898e+00 2.616449762473012744e-18 5.636693513161661181e-13
3.993993993993993907e+00 2.615933503273967948e-18 5.606844079844129708e-13
4.009009009009009361e+00 2.615416090513489130e-18 5.577153655208366563e-13
4.024024024024024371e+00 2.614897527547717603e-18 5.547621387566071795e-13
4.039039039039039380e+00 2.614377817617986146e-18 5.518246429827198252e-13
4.054054054054054390e+00 2.613856963853860815e-18 5.489027939474441458e-13
4.069069069069069400e+00 2.613334969276160800e-18 5.459965078537957697e-13
4.084084084084084409e+00 2.612811836799821518e-18 5.431057013570268896e-13
4.099099099099099419e+00 2.612287569236716479e-18 5.402302915621197796e-13
4.114114114114114429e+00 2.611713913122111641e-18 5.375454081013076988e-13
4.129129129129129439e+00 2.611107933726278355e-18 5.349868654292478226e-13
4.144144144144144448e+00 2.610500887254753338e-18 5.324405904554787027e-13
4.159159159159159458e+00 2.609892774111754231e-18 5.299065240055568681e-13
4.174174174174174468e+00 2.609283594634010628e-18 5.273846071926796980e-13
4.189189189189189477e+00 2.608673349092564811e-18 5.248747814162464379e-13
4.204204204204204487e+00 2.608062037694520502e-18 5.223769883604438546e-13
4.219219219219219497e+00 2.607449660584707247e-18 5.198911699928232065e-13
4.234234234234234506e+00 2.606836217847333252e-18 5.174172685628981160e-13
4.249249249249249516e+00 2.606221709507553088e-18 5.149552266007430477e-13
4.264264264264264526e+00 2.605606135532988790e-18 5.125049869155987538e-13
4.279279279279279535e+00 2.604989495835239019e-18 5.100664925944962986e-13
4.294294294294294545e+00 2.604371790271271892e-18 5.076396870008729046e-13
4.309309309309309555e+00 2.603753018644839383e-18 5.052245137732063769e-13
4.324324324324324564e+00 2.603133180707821243e-18 5.028209168236545773e-13
4.339339339339339574e+00 2.602512276161507276e-18 5.004288403367029758e-13
4.354354354354354584e+00 2.601890304657872699e-18 4.980482287678159383e-13
4.369369369369369593e+00 2.601431491348179493e-18 4.960008105871459153e-13
4.384384384384384603e+00 2.600991982970704335e-18 4.940013364833196802e-13
4.399399399399399613e+00 2.600551573605475307e-18 4.920099886521942677e-13
4.414414414414414622e+00 2.600110262774848301e-18 4.900267338546224297e-13
4.429429429429429632e+00 2.599668049962924462e-18 4.880515389885397896e-13
4.444444444444444642e+00 2.599224934616453837e-18 4.860843710883911063e-13
4.459459459459459651e+00 2.598780916145720913e-18 4.841251973245456342e-13
4.474474474474474661e+00 2.598335993925417067e-18 4.821739850027217721e-13
4.489489489489489671e+00 2.597890167295471411e-18 4.802307015634242325e-13
4.504504504504504681e+00 2.597443435561842348e-18 4.782953145813624311e-13
4.519519519519519690e+00 2.596995797997333398e-18 4.763677917648955319e-13
4.534534534534534700e+00 2.596547253842305407e-18 4.744481009554595201e-13
4.549549549549549710e+00 2.596097802305459625e-18 4.725362101270121464e-13
4.564564564564564719e+00 2.595647442564501776e-18 4.706320873854700975e-13
4.579579579579579729e+00 2.595196173766874672e-18 4.687357009681610086e-13
4.594594594594594739e+00 2.594743995030389155e-18 4.668470192432600278e-13
4.609609609609609748e+00 2.594290905443898552e-18 4.649660107092486949e-13
4.624624624624624758e+00 2.593896332937383176e-18 4.632056321545082721e-13
4.639639639639639768e+00 2.593600141963192234e-18 4.616399598493758803e-13
4.654654654654654777e+00 2.593303149787697641e-18 4.600796368326697056e-13
4.669669669669669787e+00 2.593005356136786795e-18 4.585246446749926035e-13
4.684684684684684797e+00 2.592706760713483611e-18 4.569749650111068375e-13
4.699699699699699806e+00 2.592407363198452726e-18 4.554305795396944674e-13
4.714714714714714816e+00 2.592107163250502168e-18 4.538914700231330348e-13
4.729729729729729826e+00 2.591806160507065996e-18 4.523576182872625655e-13
4.744744744744744835e+00 2.591504354584682314e-18 4.508290062211599929e-13
4.759759759759759845e+00 2.591201745079417359e-18 4.493056157769101488e-13
4.774774774774774855e+00 2.590898331567357004e-18 4.477874289693824585e-13
4.789789789789789864e+00 2.590594113604991553e-18 4.462744278760048095e-13
4.804804804804804874e+00 2.590289090729648306e-18 4.447665946365359053e-13
4.819819819819819884e+00 2.589983262459911801e-18 4.432639114528480693e-13
4.834834834834834894e+00 2.589676628295982416e-18 4.417663605886995485e-13
4.849849849849849903e+00 2.589369187720096996e-18 4.402739243695186306e-13
4.864864864864864913e+00 2.589060940196855878e-18 4.387865851821760983e-13
4.879879879879879923e+00 2.588751885173627715e-18 4.373043254747754559e-13
4.894894894894894932e+00 2.588442022080869570e-18 4.358271277564249293e-13
4.909909909909909942e+00 2.587889529667998266e-18 4.343012093166737387e-13
4.924924924924924952e+00 2.587334541321257022e-18 4.327803125325844016e-13
4.939939939939939961e+00 2.586778760818451118e-18 4.312647984718397239e-13
4.954954954954954971e+00 2.586222187177713736e-18 4.297546479449904523e-13
4.969969969969969981e+00 2.585664819399216064e-18 4.282498418315479131e-13
4.984984984984984990e+00 2.585106656465514349e-18 4.267503610797376347e-13
5.000000000000000000e+00 2.584547697341849187e-18 4.252561867062443382e-13
5.015015015015015010e+00 2.583987940976450591e-18 4.237672997959625300e-13
5.030030030030030019e+00 2.583427386300816481e-18 4.222836815017435121e-13
5.045045045045045029e+00 2.582866032230015822e-18 4.208053130441493573e-13
5.060060060060060039e+00 2.582303877662964035e-18 4.193321757112099158e-13
5.075075075075075048e+00 2.581740921482664123e-18 4.178642508581631091e-13
5.090090090090090058e+00 2.581177162556501337e-18 4.164015199072221844e-13
5.105105105105105068e+00 2.580612599736481223e-18 4.149439643473254502e-13
5.120120120120120077e+00 2.580047231859458421e-18 4.134915657338885868e-13
5.135135135135135087e+00 2.579481057747411302e-18 4.120443056885730616e-13
5.150150150150150097e+00 2.578914076207636490e-18 4.106021658990293015e-13
5.165165165165165106e+00 2.578346286032998842e-18 4.091651281186693492e-13
5.180180180180180116e+00 2.577777686002147929e-18 4.077331741664207390e-13
5.195195195195195126e+00 2.576247969716444015e-18 4.053166442614203826e-13
5.210210210210210136e+00 2.574389406229478996e-18 4.025798319814714038e-13
5.225225225225225145e+00 2.572529594766297951e-18 3.998620763605363731e-13
5.240240240240240155e+00 2.570668531482885304e-18 3.971632418515960589e-13
5.255255255255255165e+00 2.568806212494281748e-18 3.944831938873673430e-13
5.270270270270270174e+00 2.566942633875021049e-18 3.918217988731332950e-13
5.285285285285285184e+00 2.565077791659531406e-18 3.891789241796244415e-13
5.300300300300300194e+00 2.563211681842515634e-18 3.865544381359515311e-13
5.315315315315315203e+00 2.561344300379315928e-18 3.839482100225920185e-13
5.330330330330330213e+00 2.559475643186248599e-18 3.813601100644228957e-13
5.345345345345345223e+00 2.557605706140956127e-18 3.787900094238196100e-13
5.360360360360360232e+00 2.555734485082709149e-18 3.762377801937886075e-13
5.375375375375375242e+00 2.553861975812709601e-18 3.737032953911605616e-13
5.390390390390390252e+00 2.551988174094398479e-18 3.711864289498383289e-13
5.405405405405405261e+00 2.522392075028537405e-18 3.686870557140809036e-13
5.420420420420420271e+00 2.520525453257713438e-18 3.662050514318446741e-13
5.435435435435435281e+00 2.518657405599030646e-18 3.637402927481860212e-13
5.450450450450450290e+00 2.516787928050768295e-18 3.612926571986897155e-13
5.465465465465465300e+00 2.514917016566238651e-18 3.588620232029601715e-13
5.480480480480480310e+00 2.513044667054083578e-18 3.564482700581611689e-13
5.495495495495495319e+00 2.510727640572942274e-18 3.535172643322725855e-13
5.510510510510510329e+00 2.507962122690439701e-18 3.500802556874991648e-13
5.525525525525525339e+00 2.505191961917272975e-18 3.466770376009236577e-13
5.540540540540540349e+00 2.502417148678535393e-18 3.433072753766777959e-13
5.555555555555555358e+00 2.499637673399049464e-18 3.399706376539498320e-13
5.570570570570570368e+00 2.496853526504059863e-18 3.366667963735894943e-13
5.585585585585585378e+00 2.494064698419991859e-18 3.333954267450495407e-13
5.600600600600600387e+00 2.491271179575101124e-18 3.301562072136535086e-13
5.615615615615615397e+00 2.488472960400225235e-18 3.269488194281966802e-13
5.630630630630630407e+00 2.485670031329540941e-18 3.237729482088773340e-13
5.645645645645645416e+00 2.482862382801229005e-18 3.206282815155379370e-13
5.660660660660660426e+00 2.480050005258291558e-18 3.175145104162406623e-13
5.675675675675675436e+00 2.477232889149272406e-18 3.144313290561489088e-13
5.690690690690690445e+00 2.474411024929005440e-18 3.113784346267206802e-13
5.705705705705705455e+00 2.471584403059430462e-18 3.083555273352237174e-13
5.720720720720720465e+00 2.468753014010309632e-18 3.053623103745404788e-13
5.735735735735735474e+00 2.465916848260057542e-18 3.023984898932899757e-13
5.750750750750750484e+00 2.463075896296527382e-18 2.994637749662437977e-13
5.765765765765765494e+00 2.460230148617802881e-18 2.965578775650392033e-13
5.780780780780780503e+00 2.457379595733021068e-18 2.936805125291895293e-13
5.795795795795795513e+00 2.454524228163188089e-18 2.908313975373847496e-13
5.810810810810810523e+00 2.451614677775642838e-18 2.879232146719149528e-13
5.825825825825825532e+00 2.448554436080843866e-18 2.847912712062800796e-13
5.840840840840840542e+00 2.445488173205509615e-18 2.816937594554654618e-13
5.855855855855855552e+00 2.442415878055166180e-18 2.786302982580114156e-13
5.870870870870870561e+00 2.439337539575251475e-18 2.756005106951568803e-13
5.885885885885885571e+00 2.436253146752386342e-18 2.726040240433980552e-13
5.900900900900900581e+00 2.433162688615681105e-18 2.696404697275883599e-13
5.915915915915915591e+00 2.430066154238025171e-18 2.667094832745548263e-13
5.930930930930930600e+00 2.426963532737405911e-18 2.638107042672390522e-13
5.945945945945945610e+00 2.423854813278286848e-18 2.609437762993583738e-13
5.960960960960960620e+00 2.420739985072914214e-18 2.581083469305630735e-13
5.975975975975975629e+00 2.417619037382745989e-18 2.553040676421128988e-13
5.990990990990990639e+00 2.414491959519804673e-18 2.525305937930368429e-13
6.006006006006005649e+00 2.411358740848112872e-18 2.497875845767915363e-13
6.021021021021020658e+00 2.408219370785086908e-18 2.470747029784059302e-13
6.036036036036035668e+00 2.405073838803021316e-18 2.443916157321067176e-13
6.051051051051050678e+00 2.401922134430526753e-18 2.417379932794157589e-13
6.066066066066065687e+00 2.398764247254010646e-18 2.391135097277229946e-13
6.081081081081080697e+00 2.395600166919173642e-18 2.365178428093180331e-13
6.096096096096095707e+00 2.392429883132526857e-18 2.339506738408880883e-13
6.111111111111110716e+00 2.389253385662935314e-18 2.314116876834651007e-13
6.126126126126125726e+00 2.386070664343145976e-18 2.289005727028222440e-13
6.141141141141140736e+00 2.382882775968719941e-18 2.264150366901889398e-13
6.156156156156155745e+00 2.379800701712132507e-18 2.237500759108047392e-13
6.171171171171170755e+00 2.376711628668824265e-18 2.211167749263776208e-13
6.186186186186185765e+00 2.373615543387256543e-18 2.185147553764566200e-13
6.201201201201200774e+00 2.370512432485375137e-18 2.159436434436496109e-13
6.216216216216215784e+00 2.367402282652468067e-18 2.134030697988628547e-13
6.231231231231230794e+00 2.364285080651044513e-18 2.108926695472069261e-13
6.246246246246245803e+00 2.361160813318709514e-18 2.084120821745476137e-13
6.261261261261260813e+00 2.358029467570151532e-18 2.059609514947135301e-13
6.276276276276275823e+00 2.354891030399034094e-18 2.035389255973352916e-13
6.291291291291290833e+00 2.351745488879988367e-18 2.011456567963160378e-13
6.306306306306305842e+00 2.348592830170623820e-18 1.987808015789293806e-13
6.321321321321320852e+00 2.345433041513529658e-18 1.964440205555247627e-13
6.336336336336335862e+00 2.342266110238342110e-18 1.941349784098518141e-13
6.351351351351350871e+00 2.339092023763790541e-18 1.918533438499730842e-13
6.366366366366365881e+00 2.335910769599820978e-18 1.895987895597807012e-13
6.381381381381380891e+00 2.332722335349687290e-18 1.873709921510928505e-13
6.396396396396395900e+00 2.329526708712147127e-18 1.851696321163326469e-13
6.411411411411411798e+00 2.326323877483580450e-18 1.829943937817752140e-13
6.426426426426426808e+00 2.323113829560197026e-18 1.808449652613635254e-13
6.441441441441441818e+00 2.319896552940303635e-18 1.787210384110833666e-13
6.456456456456456827e+00 2.316672035726497321e-18 1.766223087838835813e-13
6.471471471471471837e+00 2.313440266127984593e-18 1.745484755851496066e-13
6.486486486486486847e+00 2.310201232462835921e-18 1.724992416287064159e-13
6.501501501501501856e+00 2.307176390977061952e-18 1.704001829250846789e-13
6.516516516516516866e+00 2.304272929469238982e-18 1.682844014714005829e-13
6.531531531531531876e+00 2.301362355112928682e-18 1.661950948780701441e-13
6.546546546546546885e+00 2.298444652972595947e-18 1.641319302375796073e-13
6.561561561561561895e+00 2.295519808185009707e-18 1.620945788450807528e-13
6.576576576576576905e+00 2.292587805961336408e-18 1.600827161451669928e-13
6.591591591591591914e+00 2.289648631589126034e-18 1.580960216793164296e-13
6.606606606606606924e+00 2.286702270434445651e-18 1.561341790340106570e-13
6.621621621621621934e+00 2.283748707943989842e-18 1.541968757895078497e-13
6.636636636636636943e+00 2.280787929647179969e-18 1.522838034692670604e-13
6.651651651651651953e+00 2.277819921158381691e-18 1.503946574900165056e-13
6.666666666666666963e+00 2.274844668179073944e-18 1.485291371124546558e-13
6.681681681681681972e+00 2.271862156500062607e-18 1.466869453925764325e-13
6.696696696696696982e+00 2.268872372003728445e-18 1.448677891336182503e-13
6.711711711711711992e+00 2.265875300666333220e-18 1.430713788386152910e-13
6.726726726726727001e+00 2.262870928560292673e-18 1.412974286635583626e-13
6.741741741741742011e+00 2.259859241856519607e-18 1.395456563711457482e-13
6.756756756756757021e+00 2.256840226826789319e-18 1.378157832851243917e-13
6.771771771771772030e+00 2.253813869846109264e-18 1.361075342452068629e-13
6.786786786786787040e+00 2.250780157395181157e-18 1.344206375625671067e-13
6.801801801801802050e+00 2.247739076062762558e-18 1.327548249758920303e-13
6.816816816816817060e+00 2.244690612548259937e-18 1.311098316080022063e-13
6.831831831831832069e+00 2.241634753664116829e-18 1.294853959230109192e-13
6.846846846846847079e+00 2.238571486338434643e-18 1.278812596840387475e-13
6.861861861861862089e+00 2.235594599613467293e-18 1.262896599302917780e-13
6.876876876876877098e+00 2.233009438385968505e-18 1.246865338043428331e-13
6.891891891891892108e+00 2.230418209815508726e-18 1.231038868899560380e-13
6.906906906906907118e+00 2.227820901581706488e-18 1.215414565320281615e-13
6.921921921921922127e+00 2.225217501422032561e-18 1.199989834551452583e-13
6.936936936936937137e+00 2.222607997133418491e-18 1.184762117199770387e-13
6.951951951951952147e+00 2.219992376573825845e-18 1.169728886802300284e-13
6.966966966966967156e+00 2.217370627663839348e-18 1.154887649401605555e-13
6.981981981981982166e+00 2.214742738388360536e-18 1.140235943126393087e-13
6.996996996996997176e+00 2.212108696798195114e-18 1.125771337777526995e-13
7.012012012012012185e+00 2.209468491011766263e-18 1.111491434419442593e-13
7.027027027027027195e+00 2.206822109216799824e-18 1.097393864976829589e-13
7.042042042042042205e+00 2.204169539672033373e-18 1.083476291836524776e-13
7.057057057057057214e+00 2.201510770708959571e-18 1.069736407454562874e-13
7.072072072072072224e+00 2.198845790733583769e-18 1.056171933968304099e-13
7.087087087087087234e+00 2.196174588228186616e-18 1.042780622813572827e-13
7.102102102102102243e+00 2.193497151753137517e-18 1.029560254346755738e-13
7.117117117117117253e+00 2.190813469948702310e-18 1.016508637471776373e-13
7.132132132132132263e+00 2.188123531536898324e-18 1.003623609271906742e-13
7.147147147147147273e+00 2.185427325323344039e-18 9.909030346463253466e-14
7.162162162162162282e+00 2.182724840199139178e-18 9.783448059513735334e-14
7.177177177177177292e+00 2.180016065142787562e-18 9.659468426464691534e-14
7.192192192192192302e+00 2.177300989222095297e-18 9.537070909445694905e-14
7.207207207207207311e+00 2.174579601596161039e-18 9.416235234671916590e-14
7.222222222222222321e+00 2.171851891517299222e-18 9.296941389038314368e-14
7.237237237237237331e+00 2.169117848333061516e-18 9.179169616758605575e-14
7.252252252252252340e+00 2.166593136571026180e-18 9.062077891847680573e-14
7.267267267267267350e+00 2.164365637101103024e-18 8.945350501109890067e-14
7.282282282282282360e+00 2.162133597007351080e-18 8.830134457149472337e-14
7.297297297297297369e+00 2.159897009227112146e-18 8.716410127632425949e-14
7.312312312312312379e+00 2.157655866748647296e-18 8.604158135938098825e-14
7.327327327327327389e+00 2.155410162612152230e-18 8.493359357820736469e-14
7.342342342342342398e+00 2.153159889910756447e-18 8.383994918114505888e-14
7.357357357357357408e+00 2.150905041791593680e-18 8.276046187481870266e-14
7.372372372372372418e+00 2.148645611456824174e-18 8.169494779204298326e-14
7.387387387387387427e+00 2.146381592164670840e-18 8.064322546015011780e-14
7.402402402402402437e+00 2.144112977230536294e-18 7.960511576973318994e-14
7.417417417417417447e+00 2.141839760028030146e-18 7.858044194379535241e-14
7.432432432432432456e+00 2.139561933990102991e-18 7.756902950730642246e-14
7.447447447447447466e+00 2.137279492610087564e-18 7.657070625715335246e-14
7.462462462462462476e+00 2.134992429442879720e-18 7.558530223248824850e-14
7.477477477477477485e+00 2.132700738105998469e-18 7.461264968545996477e-14
7.492492492492492495e+00 2.130404412280751160e-18 7.365258305233218921e-14
7.507507507507507505e+00 2.128103445713381336e-18 7.270493892497712801e-14
7.522522522522522515e+00 2.125797832216206192e-18 7.176955602274235281e-14
7.537537537537537524e+00 2.123487565668786764e-18 7.084627516468592609e-14
7.552552552552552534e+00 2.121172640019111994e-18 6.993493924217451613e-14
7.567567567567567544e+00 2.118853049284797046e-18 6.903539319184043736e-14
7.582582582582582553e+00 2.116528787554280458e-18 6.814748396889144416e-14
7.597597597597597563e+00 2.114199848988000506e-18 6.727106052076908741e-14
7.612612612612612573e+00 2.111866227819680951e-18 6.640597376115418267e-14
7.627627627627627582e+00 2.109527918357529739e-18 6.555207654430900187e-14
7.642642642642642592e+00 2.107184914985489316e-18 6.470922363975703448e-14
7.657657657657657602e+00 2.105102835514095108e-18 6.387907634962152871e-14
7.672672672672672611e+00 2.103272715968185046e-18 6.306133964452050446e-14
7.687687687687687621e+00 2.101439820671471693e-18 6.225411511803345541e-14
7.702702702702702631e+00 2.099604148229030955e-18 6.145726726188795294e-14
7.717717717717717640e+00 2.097765697285325928e-18 6.067066231853404641e-14
7.732732732732732650e+00 2.095924466524699172e-18 5.989416825848268744e-14
7.747747747747747660e+00 2.094080454671784854e-18 5.912765475793417740e-14
7.762762762762762669e+00 2.092233660492014117e-18 5.837099317669941478e-14
7.777777777777777679e+00 2.090384082792012590e-18 5.762405653640578884e-14
7.792792792792792689e+00 2.088531720420143885e-18 5.688671949898744185e-14
7.807807807807807698e+00 2.086676572266914042e-18 5.615885834545258557e-14
7.822822822822822708e+00 2.084818637265447235e-18 5.544035095492659088e-14
7.837837837837837718e+00 2.082957914391994218e-18 5.473107678396806746e-14
7.852852852852852727e+00 2.081094402666398011e-18 5.403091684615237999e-14
7.867867867867867737e+00 2.079228101152535329e-18 5.333975369191853649e-14
7.882882882882882747e+00 2.077359008958865465e-18 5.265747138868018113e-14
7.897897897897897757e+00 2.075487125238869411e-18 5.198395550119194433e-14
7.912912912912912766e+00 2.073612449191556753e-18 5.131909307217144701e-14
7.927927927927927776e+00 2.071734980061967577e-18 5.066277260317280624e-14
7.942942942942942786e+00 2.069854717141643928e-18 5.001488403570734471e-14
7.957957957957957795e+00 2.067971659769177940e-18 4.937531873260976846e-14
7.972972972972972805e+00 2.066085807330667885e-18 4.874396945964546463e-14
7.987987987987987815e+00 2.064197159260248584e-18 4.812073036735618041e-14
8.003003003003003712e+00 2.062305715040624113e-18 4.750549697314199422e-14
8.018018018018018722e+00 2.060411474203520398e-18 4.689816614357357746e-14
8.033033033033033732e+00 2.058514436330283796e-18 4.629863607693634350e-14
8.048048048048048742e+00 2.056614601052344471e-18 4.570680628599898028e-14
8.063063063063063751e+00 2.054711968051768367e-18 4.512257758100549562e-14
8.078078078078078761e+00 2.052904335964941865e-18 4.454723707629094858e-14
8.093093093093093771e+00 2.051474006990357064e-18 4.398456352322690605e-14
8.108108108108108780e+00 2.050042261943693890e-18 4.342901994689943488e-14
8.123123123123123790e+00 2.048609101665821830e-18 4.288051579051925944e-14
8.138138138138138800e+00 2.047174527016089284e-18 4.233896164962858703e-14
8.153153153153153809e+00 2.045738538872503832e-18 4.180426925741364115e-14
8.168168168168168819e+00 2.044301138131785005e-18 4.127635147020374463e-14
8.183183183183183829e+00 2.042862325709520668e-18 4.075512225315649189e-14
8.198198198198198838e+00 2.041422102540240209e-18 4.024049666612421398e-14
8.213213213213213848e+00 2.039980469577578240e-18 3.973239084970314392e-14
8.228228228228228858e+00 2.038537427794341620e-18 3.923072201145804987e-14
8.243243243243243867e+00 2.037092978182654285e-18 3.873540841232454505e-14
8.258258258258258877e+00 2.035647121754065872e-18 3.824636935318463149e-14
8.273273273273273887e+00 2.034199859539658415e-18 3.776352516161247370e-14
8.288288288288288896e+00 2.032751192590171142e-18 3.728679717879102696e-14
8.303303303303303906e+00 2.031301121976115650e-18 3.681610774659455986e-14
8.318318318318318916e+00 2.029849648787904169e-18 3.635138019483635179e-14
8.333333333333333925e+00 2.028396774135937773e-18 3.589253882867895881e-14
8.348348348348348935e+00 2.026942499150769309e-18 3.543950891620590571e-14
8.363363363363363945e+00 2.047568340201033221e-18 3.499221667615037403e-14
8.378378378378378954e+00 2.045861513013282096e-18 3.455058926578286768e-14
8.393393393393393964e+00 2.044150715859950880e-18 3.411455476895100242e-14
8.408408408408408974e+00 2.042435934012575448e-18 3.368404218427382373e-14
8.423423423423423984e+00 2.040717152711081776e-18 3.325898141348583165e-14
8.438438438438438993e+00 2.038994357164275503e-18 3.283930324992959533e-14
8.453453453453454003e+00 2.037267532550381201e-18 3.242493936719642739e-14
8.468468468468469013e+00 2.035536664017535022e-18 3.201582230791027751e-14
8.483483483483484022e+00 2.033801736684331279e-18 3.161188547265604442e-14
8.498498498498499032e+00 2.032062735640355543e-18 3.121306310904897397e-14
8.513513513513514042e+00 2.030319645946745474e-18 3.081929030094290321e-14
8.528528528528529051e+00 2.028816167574034547e-18 3.043457929577540545e-14
8.543543543543544061e+00 2.027552528183028415e-18 3.005868651081982683e-14
8.558558558558559071e+00 2.026286899851160587e-18 2.968744693950696174e-14
8.573573573573574080e+00 2.025019277727329769e-18 2.932080287184819122e-14
8.588588588588589090e+00 2.023749656953677738e-18 2.895869731473457895e-14
8.603603603603604100e+00 2.022478032665744180e-18 2.860107398301928465e-14
8.618618618618619109e+00 2.021204399992538340e-18 2.824787729071060423e-14
8.633633633633634119e+00 2.019928754056659966e-18 2.789905234227455734e-14
8.648648648648649129e+00 2.018651089974401387e-18 2.755454492404637895e-14
8.663663663663664138e+00 2.017371402855845735e-18 2.721430149574823872e-14
8.678678678678679148e+00 2.016089687804985963e-18 2.687826918211321378e-14
8.693693693693694158e+00 2.014805939919825770e-18 2.654639576461327434e-14
8.708708708708709167e+00 2.013520154292500930e-18 2.621862967329048071e-14
8.723723723723724177e+00 2.012232326009375205e-18 2.589491997868991496e-14
8.738738738738739187e+00 2.010942450151165532e-18 2.557521638389257708e-14
8.753753753753754197e+00 2.009650521793048331e-18 2.525946921664861789e-14
8.768768768768769206e+00 2.008356536004780842e-18 2.494762942160728316e-14
8.783783783783784216e+00 2.007060487850814750e-18 2.463964855264465757e-14
8.798798798798799226e+00 2.005762372390412903e-18 2.433547876528615397e-14
8.813813813813814235e+00 2.004462184677767560e-18 2.403507280922402886e-14
8.828828828828829245e+00 2.003159919762131353e-18 2.373838402092780678e-14
8.843843843843844255e+00 2.001855572687915898e-18 2.344536631634635765e-14
8.858858858858859264e+00 2.000549138494841246e-18 2.315597418370170919e-14
8.873873873873874274e+00 1.999240612218042577e-18 2.287016267637174191e-14
8.888888888888889284e+00 1.997929988888203480e-18 2.258788740586221470e-14
8.903903903903904293e+00 1.996617263531674584e-18 2.230910453486550192e-14
8.918918918918919303e+00 1.995302431170618006e-18 2.203377077040693207e-14
8.933933933933934313e+00 1.993985486823114818e-18 2.176184335707512742e-14
8.948948948948949322e+00 1.992666425503321047e-18 2.149328007033764474e-14
8.963963963963964332e+00 1.991345242221575141e-18 2.122803920993950961e-14
8.978978978978979342e+00 1.990021931984546653e-18 2.096607959338373855e-14
8.993993993993994351e+00 1.976058415424889284e-18 2.070947532390729499e-14
9.009009009009009361e+00 1.975247654591694954e-18 2.046020967593477776e-14
9.024024024024024371e+00 1.974436549962753455e-18 2.021394898145382846e-14
9.039039039039039380e+00 1.973625101385779967e-18 1.997065696329527467e-14
9.054054054054054390e+00 1.972813308705071527e-18 1.973029778282247012e-14
9.069069069069069400e+00 1.972001171761474292e-18 1.949283603462366183e-14
9.084084084084084409e+00 1.971188690392395478e-18 1.925823674126899333e-14
9.099099099099099419e+00 1.970375864431682028e-18 1.902646534813002037e-14
9.114114114114114429e+00 1.969562693709659128e-18 1.879748771826315597e-14
9.129129129129129439e+00 1.968749178053054328e-18 1.857127012735423636e-14
9.144144144144144448e+00 1.967935317284964800e-18 1.834777925872495885e-14
9.159159159159159458e+00 1.967121111224840389e-18 1.812698219839938048e-14
9.174174174174174468e+00 1.966306559688400028e-18 1.790884643023039211e-14
9.189189189189189477e+00 1.965491662487648304e-18 1.769333983108524671e-14
9.204204204204204487e+00 1.964676419430787632e-18 1.748043066608940016e-14
9.219219219219219497e+00 1.963860830322209395e-18 1.727008758392786644e-14
9.234234234234234506e+00 1.963044894962457741e-18 1.706227961220396704e-14
9.249249249249249516e+00 1.962228613148153696e-18 1.685697615285329445e-14
9.264264264264264526e+00 1.961411984672000177e-18 1.665414697761465975e-14
9.279279279279279535e+00 1.960595009322693009e-18 1.645376222355430723e-14
9.294294294294294545e+00 1.959777686884941344e-18 1.625579238864611292e-14
9.309309309309309555e+00 1.958960017139369434e-18 1.606020832740362704e-14
9.324324324324324564e+00 1.958141999862494295e-18 1.586698124656618816e-14
9.339339339339339574e+00 1.957323634826712607e-18 1.567608270083697276e-14
9.354354354354354584e+00 1.956504921800201338e-18 1.548748458867232395e-14
9.369369369369369593e+00 1.955685860546943167e-18 1.530115914812280419e-14
9.384384384384384603e+00 1.954866450826602452e-18 1.511707895272368121e-14
9.399399399399399613e+00 1.954046692394568755e-18 1.493521690743635224e-14
9.414414414414414622e+00 1.953226585001862861e-18 1.475554624463791719e-14
9.429429429429429632e+00 1.952406128395079768e-18 1.457804052015965483e-14
9.444444444444444642e+00 1.951585322316398700e-18 1.440267360937400765e-14
9.459459459459459651e+00 1.950764166503492206e-18 1.422941970332807168e-14
9.474474474474474661e+00 1.949942660689479167e-18 1.405825330492447940e-14
9.489489489489489671e+00 1.949261626592278139e-18 1.389314188360402349e-14
9.504504504504504681e+00 1.948641116890932759e-18 1.373167469491571266e-14
9.519519519519519690e+00 1.948020397067398736e-18 1.357208623666720063e-14
9.534534534534534700e+00 1.947399466829796379e-18 1.341435462511498032e-14
9.549549549549549710e+00 1.946778325882917992e-18 1.325845823169120104e-14
9.564564564564564719e+00 1.946156973928184343e-18 1.310437568002502439e-14
9.579579579579579729e+00 1.945535410663633114e-18 1.295208584299891721e-14
9.594594594594594739e+00 1.944913635783901563e-18 1.280156783983928050e-14
9.609609609609609748e+00 1.944291648980193017e-18 1.265280103324119816e-14
9.624624624624624758e+00 1.943669449940251062e-18 1.250576502652641724e-14
9.639639639639639768e+00 1.943047038348365705e-18 1.236043966083514989e-14
9.654654654654654777e+00 1.942424413885326769e-18 1.221680501235015540e-14
9.669669669669669787e+00 1.941801576228404633e-18 1.207484138955332185e-14
9.684684684684684797e+00 1.941178525051329046e-18 1.193452933051461145e-14
9.699699699699699806e+00 1.940555260024268326e-18 1.179584960021233478e-14
9.714714714714714816e+00 1.939931780813813186e-18 1.165878318788497626e-14
9.729729729729729826e+00 1.952413443165840143e-18 1.160118294270802141e-14
9.744744744744744835e+00 1.951788633872610816e-18 1.146640166111299124e-14
9.759759759759759845e+00 1.951163609355923269e-18 1.133318807874698854e-14
9.774774774774774855e+00 1.950538369287316698e-18 1.120152394076396832e-14
9.789789789789789864e+00 1.949912913334829728e-18 1.107139120511119469e-14
9.804804804804804874e+00 1.949287241162962668e-18 1.094277204004617020e-14
9.819819819819819884e+00 1.948661352432665180e-18 1.081564882168271047e-14
9.834834834834834894e+00 1.948035246801322030e-18 1.069000413156536884e-14
9.849849849849849903e+00 1.947408923922720349e-18 1.056582075427255827e-14
9.864864864864864913e+00 1.946782383447028058e-18 1.044308167504733222e-14
9.879879879879879923e+00 1.946155625020784242e-18 1.032177007745608024e-14
9.894894894894894932e+00 1.945528648286864096e-18 1.020186934107447862e-14
9.909909909909909942e+00 1.944901452884463134e-18 1.008336303920043590e-14
9.924924924924924952e+00 1.944274038449070996e-18 9.966234936593782360e-15
9.939939939939939961e+00 1.943646404612463358e-18 9.850468987242474668e-15
9.954954954954954971e+00 1.943018551002653014e-18 9.736049332154571053e-15
9.969969969969969981e+00 1.942390477243898351e-18 9.622960297176423480e-15
9.984984984984984990e+00 1.941762182956647880e-18 9.511186390835942982e-15
1.000000000000000000e+01 1.941180084197571752e-18 9.401993267654739172e-15
1.001501501501501501e+01 1.940667539862179310e-18 9.295957966021462915e-15
1.003003003003003002e+01 1.940154823534120359e-18 9.191119791406769524e-15
1.004504504504504503e+01 1.939641934590706698e-18 9.087465214810949684e-15
1.006006006006006004e+01 1.939128872404656010e-18 8.984980860276400450e-15
1.007507507507507505e+01 1.938615636344069139e-18 8.883653503154717142e-15
1.009009009009009006e+01 1.938102225772397735e-18 8.783470068393511495e-15
1.010510510510510507e+01 1.937588640048397260e-18 8.684417628842553746e-15
1.012012012012012008e+01 1.937074878526113893e-18 8.586483403579237080e-15
1.013513513513513509e+01 1.936560940554830215e-18 8.489654756252856407e-15
1.015015015015015010e+01 1.936046825479059824e-18 8.393919193447934980e-15
1.016516516516516511e+01 1.935532532638481458e-18 8.299264363065638009e-15
1.018018018018018012e+01 1.935018061367925524e-18 8.205678052723973790e-15
1.019519519519519513e+01 1.934503410997346356e-18 8.113148188175987172e-15
1.021021021021021014e+01 1.933988580851757123e-18 8.021662831745658222e-15
1.022522522522522515e+01 1.933473570251233296e-18 7.931210180781834243e-15
1.024024024024024015e+01 1.932958378510851017e-18 7.841778566129603513e-15
1.025525525525525516e+01 1.932443004940662060e-18 7.753356450618733662e-15
1.027027027027027017e+01 1.931927448845662249e-18 7.665932427569707954e-15
1.028528528528528518e+01 1.931411709525740998e-18 7.579495219316184083e-15
1.030030030030030019e+01 1.930895786275670524e-18 7.494033675744675370e-15
1.031531531531531520e+01 1.930379678385044605e-18 7.409536772850310533e-15
1.033033033033033021e+01 1.929863385138256620e-18 7.325993611309359900e-15
1.034534534534534522e+01 1.929346905814457955e-18 7.243393415067691883e-15
1.036036036036036023e+01 1.928830239687527569e-18 7.161725529945345877e-15
1.037537537537537524e+01 1.928313386026031165e-18 7.080979422256806650e-15
1.039039039039039025e+01 1.927796344093174199e-18 7.001144677447033071e-15
1.040540540540540526e+01 1.927279113146783774e-18 6.922210998742875937e-15
1.042042042042042027e+01 1.926761692439264730e-18 6.844168205819776827e-15
1.043543543543543528e+01 1.926244081217541866e-18 6.767006233483532621e-15
1.045045045045045029e+01 1.925726278723053007e-18 6.690715130367128048e-15
1.046546546546546530e+01 1.925208284191690455e-18 6.615285057642196083e-15
1.048048048048048031e+01 1.924690096853770174e-18 6.540706287745174040e-15
1.049549549549549532e+01 1.924171715933985184e-18 6.466969203117779843e-15
1.051051051051051033e+01 1.923653140651377440e-18 6.394064294961902383e-15
1.052552552552552534e+01 1.923134370219289686e-18 6.321982162008486246e-15
1.054054054054054035e+01 1.922621385196275880e-18 6.253506702919320914e-15
1.055555555555555536e+01 1.922110780235701240e-18 6.186946999894246718e-15
1.057057057057057037e+01 1.921600022353147825e-18 6.121096546285933047e-15
1.058558558558558538e+01 1.921089111084778902e-18 6.055947776210114730e-15
1.060060060060060039e+01 1.920578045964157352e-18 5.991493204575500609e-15
1.061561561561561540e+01 1.920066826522235646e-18 5.927725426220099429e-15
1.063063063063063041e+01 1.919555452287348149e-18 5.864637115056948169e-15
1.064564564564564542e+01 1.919043922785176450e-18 5.802221023228719782e-15
1.066066066066066043e+01 1.918532237538757834e-18 5.740469980271648964e-15
1.067567567567567544e+01 1.918020396068459478e-18 5.679376892288248995e-15
1.069069069069069045e+01 1.917508397891961117e-18 5.618934741128866966e-15
1.070570570570570545e+01 1.916996242524247724e-18 5.559136583582094770e-15
1.072072072072072046e+01 1.916483929477596415e-18 5.499975550573788134e-15
1.073573573573573547e+01 1.915971458261554492e-18 5.441444846374629018e-15
1.075075075075075048e+01 1.915458828382928274e-18 5.383537747816198250e-15
1.076576576576576549e+01 1.914946039345763453e-18 5.326247603515430590e-15
1.078078078078078050e+01 1.914433090651339313e-18 5.269567833107374924e-15
1.079579579579579551e+01 1.913919981798149091e-18 5.213491926486148358e-15
1.081081081081081052e+01 1.913406712281885718e-18 5.158013443054054231e-15
1.082582582582582553e+01 1.912893281595421797e-18 5.103126010978599785e-15
1.084084084084084054e+01 1.912379689228803047e-18 5.048823326457676172e-15
1.085585585585585555e+01 1.911865934669220578e-18 4.995099152992369908e-15
1.087087087087087056e+01 1.911352017401015505e-18 4.941947320667780476e-15
1.088588588588588557e+01 1.910837936905640051e-18 4.889361725441306855e-15
1.090090090090090058e+01 1.910323692661662164e-18 4.837336328438757198e-15
1.091591591591591559e+01 1.909809284144730854e-18 4.785865155257783856e-15
1.093093093093093060e+01 1.909294710827580813e-18 4.734942295278987723e-15
1.094594594594594561e+01 1.908779972180000833e-18 4.684561900984169645e-15
1.096096096096096062e+01 1.908265067668828792e-18 4.634718187282102846e-15
1.097597597597597563e+01 1.907749996757921231e-18 4.585405430841278080e-15
1.099099099099099064e+01 1.907234758908156048e-18 4.536617969429998610e-15
1.100600600600600565e+01 1.906719353577398600e-18 4.488350201263385605e-15
1.102102102102102066e+01 1.906203780220504402e-18 4.440596584357481706e-15
1.103603603603603567e+01 1.905688038289281376e-18 4.393351635890135646e-15
1.105105105105105068e+01 1.905172127232487929e-18 4.346609931568876169e-15
1.106606606606606569e+01 1.904656046495820622e-18 4.300366105005416333e-15
1.108108108108108070e+01 1.904139795521879506e-18 4.254614847096908880e-15
1.109609609609609571e+01 1.903623373750165813e-18 4.209350905413800429e-15
1.111111111111111072e+01 1.902678643492449733e-18 4.167747629207018443e-15
1.112612612612612573e+01 1.901583335146329704e-18 4.127662967329828859e-15
1.114114114114114074e+01 1.900487878927027360e-18 4.087965011971592324e-15
1.115615615615615575e+01 1.899392275556527614e-18 4.048650022159033434e-15
1.117117117117117076e+01 1.898296525756958284e-18 4.009714293200114690e-15
1.118618618618618576e+01 1.897200630250571988e-18 3.971154156331307589e-15
1.120120120120120077e+01 1.896104589759762322e-18 3.932965978368394673e-15
1.121621621621621578e+01 1.895008405007039979e-18 3.895146161360584788e-15
1.123123123123123079e+01 1.893912076715053933e-18 3.857691142248085126e-15
1.124624624624624580e+01 1.892815605606574492e-18 3.820597392522933641e-15
1.126126126126126081e+01 1.891718992404481357e-18 3.783861417893126523e-15
1.127627627627627582e+01 1.890622237831784423e-18 3.747479757950133055e-15
1.129129129129129083e+01 1.889525342611607597e-18 3.711448985839524881e-15
1.130630630630630584e+01 1.888428307467181871e-18 3.675765707934838821e-15
1.132132132132132085e+01 1.887331133121857257e-18 3.640426563514692948e-15
1.133633633633633586e+01 1.886233820299077753e-18 3.605428224442919267e-15
1.135135135135135087e+01 1.885136369722411389e-18 3.570767394851980423e-15
1.136636636636636588e+01 1.884038782115502843e-18 3.536440810829236960e-15
1.138138138138138089e+01 1.882941058202124679e-18 3.502445240106559741e-15
1.139639639639639590e+01 1.881843198706126880e-18 3.468777481752682475e-15
1.141141141141141091e+01 1.880745204351455728e-18 3.435434365868733759e-15
1.142642642642642592e+01 1.879647075862156881e-18 3.402412753286715498e-15
1.144144144144144093e+01 1.878548813962358427e-18 3.369709535270798759e-15
1.145645645645645594e+01 1.877450419376278205e-18 3.337321633221679208e-15
1.147147147147147095e+01 1.876351892828209162e-18 3.305245998383700670e-15
1.148648648648648596e+01 1.875253235042536691e-18 3.273479611554916006e-15
1.150150150150150097e+01 1.874154446743717445e-18 3.242019482799889681e-15
1.151651651651651598e+01 1.873055528656282802e-18 3.210862651165352061e-15
1.153153153153153099e+01 1.871956481504843103e-18 3.180006184398621033e-15
1.154654654654654600e+01 1.870857306014070705e-18 3.149447178668722324e-15
1.156156156156156101e+01 1.869758002908713075e-18 3.119182758290278714e-15
1.157657657657657602e+01 1.868658572913573149e-18 3.089210075450039572e-15
1.159159159159159103e+01 1.867559016753523194e-18 3.059526309936123283e-15
1.160660660660660604e+01 1.866459335153497493e-18 3.030128668869866466e-15
1.162162162162162105e+01 1.865359528838471159e-18 3.001014386440236594e-15
1.163663663663663606e+01 1.864259598533493260e-18 2.972180723640971710e-15
1.165165165165165106e+01 1.863159544963654464e-18 2.943624968010086719e-15
1.166666666666666607e+01 1.862059368854092819e-18 2.915344433372107176e-15
1.168168168168168108e+01 1.860959070929994518e-18 2.887336459582658998e-15
1.169669669669669609e+01 1.859840760209002244e-18 2.856028432711494666e-15
1.171171171171171110e+01 1.858699997093417321e-18 2.820680650138478413e-15
1.172672672672672611e+01 1.857558964891186532e-18 2.785771401768171419e-15
1.174174174174174112e+01 1.856417663905387311e-18 2.751295235188640730e-15
1.175675675675675613e+01 1.855276094439301237e-18 2.717246765914574092e-15
1.177177177177177114e+01 1.854134256796386693e-18 2.683620676539451691e-15
1.178678678678678615e+01 1.852992151280315838e-18 2.650411715898373038e-15
1.180180180180180116e+01 1.851849778194944180e-18 2.617614698241290119e-15
1.181681681681681617e+01 1.850707137844342545e-18 2.585224502416645611e-15
1.183183183183183118e+01 1.849564230532797081e-18 2.553236071065166900e-15
1.184684684684684619e+01 1.848421056564790763e-18 2.521644409823720436e-15
1.186186186186186120e+01 1.847277616245037293e-18 2.490444586539220525e-15
1.187687687687687621e+01 1.846133909878473397e-18 2.459631730492245042e-15
1.189189189189189122e+01 1.844989937770244955e-18 2.429201031630401076e-15
1.190690690690690623e+01 1.843845700225743213e-18 2.399147739811328096e-15
1.192192192192192124e+01 1.842701197550597460e-18 2.369467164055092884e-15
1.193693693693693625e+01 1.841556430050655386e-18 2.340154671805910793e-15
1.195195195195195126e+01 1.840411398032028918e-18 2.311205688203229193e-15
1.196696696696696627e+01 1.839266101801065334e-18 2.282615695361757006e-15
1.198198198198198128e+01 1.838120541664368056e-18 2.254380231660578356e-15
1.199699699699699629e+01 1.836974717928790112e-18 2.226494891041176412e-15
1.201201201201201130e+01 1.835828630901454927e-18 2.198955322314162706e-15
1.202702702702702631e+01 1.834682280889742461e-18 2.171757228474705213e-15
1.204204204204204132e+01 1.833535668201306156e-18 2.144896366026533326e-15
1.205705705705705633e+01 1.832388793144074862e-18 2.118368544314350512e-15
1.207207207207207134e+01 1.831241656026252451e-18 2.092169624864617173e-15
1.208708708708708635e+01 1.830094257156324368e-18 2.066295520734547524e-15
1.210210210210210136e+01 1.828946596843070337e-18 2.040742195869291294e-15
1.211711711711711636e+01 1.827798675395558974e-18 2.015505664467089629e-15
1.213213213213213137e+01 1.826650493123152407e-18 1.990581990352397706e-15
1.214714714714714638e+01 1.825502050335522066e-18 1.965967286356842700e-15
1.216216216216216139e+01 1.824353347342639827e-18 1.941657713707889321e-15
1.217717717717717640e+01 1.823204384454790725e-18 1.917649481425187277e-15
1.219219219219219141e+01 1.822055161982579879e-18 1.893938845724433034e-15
1.220720720720720642e+01 1.820905680236924415e-18 1.870522109428672900e-15
1.222222222222222143e+01 1.819755939529075409e-18 1.847395621386991812e-15
1.223723723723723644e+01 1.818605940170615202e-18 1.824555775900446643e-15
1.225225225225225145e+01 1.817455682473453155e-18 1.801999012155152882e-15
1.226726726726726646e+01 1.816305166749847995e-18 1.779721813662523534e-15
1.228228228228228147e+01 1.815154393312400491e-18 1.757720707706399701e-15
1.229729729729729648e+01 1.814003362474065400e-18 1.735992264797192558e-15
1.231231231231231149e+01 1.812852074548148769e-18 1.714533098132759048e-15
1.232732732732732650e+01 1.811789938643141941e-18 1.693425053604122748e-15
1.234234234234234151e+01 1.810821149461301625e-18 1.672665756295468559e-15
1.235735735735735652e+01 1.809851830328639356e-18 1.652161510519062916e-15
1.237237237237237153e+01 1.808881980025493361e-18 1.631909176617289768e-15
1.238738738738738654e+01 1.807911597330299817e-18 1.611905653648070681e-15
1.240240240240240155e+01 1.806940681019609800e-18 1.592147878906721255e-15
1.241741741741741656e+01 1.805969229868098146e-18 1.572632827453672724e-15
1.243243243243243157e+01 1.804997242648583096e-18 1.553357511648101926e-15
1.244744744744744658e+01 1.804024718132022824e-18 1.534318980687260391e-15
1.246246246246246159e+01 1.803051655087567830e-18 1.515514320151586386e-15
1.247747747747747660e+01 1.802078052282531660e-18 1.496940651555340747e-15
1.249249249249249161e+01 1.801103908482433280e-18 1.478595131902879128e-15
1.250750750750750662e+01 1.800129222451010169e-18 1.460474953250399342e-15
1.252252252252252163e+01 1.799153992950212928e-18 1.442577342273055120e-15
1.253753753753753664e+01 1.798178218740254972e-18 1.424899559837509663e-15
1.255255255255255165e+01 1.797201898579589798e-18 1.407438900579678511e-15
1.256756756756756666e+01 1.796225031224955672e-18 1.390192692487795457e-15
1.258258258258258167e+01 1.795247615431375240e-18 1.373158296490545900e-15
1.259759759759759667e+01 1.794269649952177487e-18 1.356333106050345542e-15
1.261261261261261168e+01 1.793291133539016994e-18 1.339714546761638421e-15
1.262762762762762669e+01 1.792312064941874321e-18 1.323300075954139899e-15
1.264264264264264170e+01 1.791332442909093762e-18 1.307087182301028197e-15
1.265765765765765671e+01 1.790352266187386419e-18 1.291073385431937313e-15
1.267267267267267172e+01 1.789371533521846001e-18 1.275256235550756875e-15
1.268768768768768673e+01 1.788390243655976938e-18 1.259633313058167521e-15
1.270270270270270174e+01 1.787408395331694767e-18 1.244202228178814588e-15
1.271771771771771675e+01 1.786425987289348090e-18 1.228960620593109650e-15
1.273273273273273176e+01 1.785443018267763254e-18 1.213906159073607447e-15
1.274774774774774677e+01 1.784459487004205060e-18 1.199036541125813657e-15
1.276276276276276178e+01 1.783475392234449567e-18 1.184349492633503368e-15
1.277777777777777679e+01 1.782490732692774075e-18 1.169842767508391694e-15
1.279279279279279180e+01 1.781505507111970992e-18 1.155514147344123410e-15
1.280780780780780681e+01 1.780519714223390203e-18 1.141361441074584165e-15
1.282282282282282360e+01 1.779533352756925594e-18 1.127382484636366811e-15
1.283783783783783861e+01 1.778546421441059338e-18 1.113575140635496021e-15
1.285285285285285362e+01 1.777558919002868842e-18 1.099937298018198957e-15
1.286786786786786863e+01 1.776570844168050229e-18 1.086466871745789862e-15
1.288288288288288364e+01 1.775582195660920276e-18 1.073161802473544898e-15
1.289789789789789864e+01 1.774592972204468408e-18 1.060020056233579471e-15
1.291291291291291365e+01 1.773603172520335512e-18 1.047039624121608133e-15
1.292792792792792866e+01 1.772612795328875571e-18 1.034218521987620387e-15
1.294294294294294367e+01 1.771621839349132163e-18 1.021554790130326852e-15
1.295795795795795868e+01 1.770630303298895857e-18 1.009046492995433381e-15
1.297297297297297369e+01 1.769662619234298706e-18 9.967916478595871282e-16
1.298798798798798870e+01 1.768793088658230678e-18 9.850859387480078704e-16
1.300300300300300371e+01 1.767922586650893325e-18 9.735180371925075893e-16
1.301801801801801872e+01 1.767051109920141289e-18 9.620863176518471380e-16
1.303303303303303373e+01 1.766178655167860369e-18 9.507891737905635874e-16
1.304804804804804874e+01 1.765305219090012976e-18 9.396250182517224734e-16
1.306306306306306375e+01 1.764430798376657774e-18 9.285922824323667651e-16
1.307807807807807876e+01 1.763555389712010155e-18 9.176894162616367190e-16
1.309309309309309377e+01 1.762678989774451100e-18 9.069148879815012575e-16
1.310810810810810878e+01 1.761801595236586496e-18 8.962671839300967294e-16
1.312312312312312379e+01 1.760923202765284885e-18 8.857448083276403155e-16
1.313813813813813880e+01 1.760043809021698263e-18 8.753462830648537868e-16
1.315315315315315381e+01 1.759163410661326022e-18 8.650701474939281834e-16
1.316816816816816882e+01 1.758282004334034209e-18 8.549149582219296238e-16
1.318318318318318383e+01 1.757399586684107141e-18 8.448792889066833207e-16
1.319819819819819884e+01 1.756516154350287079e-18 8.349617300550540575e-16
1.321321321321321385e+01 1.755631703965820449e-18 8.251608888236275628e-16
1.322822822822822886e+01 1.754746232158484039e-18 8.154753888217489031e-16
1.324324324324324387e+01 1.753859735550646237e-18 8.059038699168899870e-16
1.325825825825825888e+01 1.752972210759301704e-18 7.964449880423331650e-16
1.327327327327327389e+01 1.752083654396109887e-18 7.870974150071206356e-16
1.328828828828828890e+01 1.751194063067456270e-18 7.778598383082680785e-16
1.330330330330330391e+01 1.750303433374479331e-18 7.687309609451839433e-16
1.331831831831831892e+01 1.749411761913124470e-18 7.597095012363112558e-16
1.333333333333333393e+01 1.748519045274197554e-18 7.507941926379220274e-16
1.334834834834834894e+01 1.747625280043383012e-18 7.419837835650535212e-16
1.336336336336336394e+01 1.746730462801335518e-18 7.332770372145987985e-16
1.337837837837837895e+01 1.745834590123693853e-18 7.246727313904486980e-16
1.339339339339339396e+01 1.744937658581135603e-18 7.161696583307328751e-16
1.340840840840840897e+01 1.744039664739432624e-18 7.077666245371024136e-16
1.342342342342342398e+01 1.743140605159505355e-18 6.994624506060313296e-16
1.343843843843843899e+01 1.742240476397451707e-18 6.912559710621034404e-16
1.345345345345345400e+01 1.741339275004627951e-18 6.831460341933074772e-16
1.346846846846846901e+01 1.740436997527676837e-18 6.751315018882437056e-16
1.348348348348348402e+01 1.739533640508582676e-18 6.672112494752815964e-16
1.349849849849849903e+01 1.738629200484734509e-18 6.593841655636226942e-16
1.351351351351351404e+01 1.737723673988974258e-18 6.516491518862285507e-16
1.352852852852852905e+01 1.736817057549647569e-18 6.440051231446303865e-16
1.354354354354354406e+01 1.735909347690661203e-18 6.364510068555598385e-16
1.355855855855855907e+01 1.735000540931536194e-18 6.289857431994041460e-16
1.357357357357357408e+01 1.734090633787465243e-18 6.216082848704519512e-16
1.358858858858858909e+01 1.733179622769373186e-18 6.143175969289167989e-16
1.360360360360360410e+01 1.732267504383967269e-18 6.071126566547092446e-16
1.361861861861861911e+01 1.731354275133789336e-18 5.999924534029345953e-16
1.363363363363363412e+01 1.730439931517301146e-18 5.929559884611291034e-16
1.364864864864864913e+01 1.729524470028904216e-18 5.860022749081341314e-16
1.366366366366366414e+01 1.728638963611797236e-18 5.791688075934695843e-16
1.367867867867867915e+01 1.727848233472566223e-18 5.725330790958277407e-16
1.369369369369369416e+01 1.727055753555433534e-18 5.659736121634525564e-16
1.370870870870870917e+01 1.726261516884442289e-18 5.594895285453936714e-16
1.372372372372372418e+01 1.725465516470121742e-18 5.530799601203719043e-16
1.373873873873873919e+01 1.724667745309595902e-18 5.467440487797937444e-16
1.375375375375375420e+01 1.723868196386726057e-18 5.404809463121348123e-16
1.376876876876876921e+01 1.723066862672202252e-18 5.342898142886346052e-16
1.378378378378378422e+01 1.722263737123674829e-18 5.281698239503356581e-16
1.379879879879879923e+01 1.721458812685895215e-18 5.221201560964219591e-16
1.381381381381381424e+01 1.720652082290811834e-18 5.161400009738378828e-16
1.382882882882882924e+01 1.719843538857718593e-18 5.102285581681974051e-16
1.384384384384384425e+01 1.719033175293374677e-18 5.043850364959445489e-16
1.385885885885885926e+01 1.718220984492141483e-18 4.986086538977708805e-16
1.387387387387387427e+01 1.717406959336114736e-18 4.928986373332519931e-16
1.388888888888888928e+01 1.716591092695254493e-18 4.872542226767069218e-16
1.390390390390390429e+01 1.715773377427521112e-18 4.816746546142703335e-16
1.391891891891891930e+01 1.714953806379034333e-18 4.761591865421425855e-16
1.393393393393393431e+01 1.714132372384179589e-18 4.707070804660174537e-16
1.394894894894894932e+01 1.713309068265785002e-18 4.653176069016826017e-16
1.396396396396396433e+01 1.712483886835252536e-18 4.599900447767557144e-16
1.397897897897897934e+01 1.711656820892693967e-18 4.547236813335624078e-16
1.399399399399399435e+01 1.710827863227101333e-18 4.495178120331427041e-16
1.400900900900900936e+01 1.709997006616486556e-18 4.443717404603545162e-16
1.402402402402402437e+01 1.709164243828031672e-18 4.392847782300828185e-16
1.403903903903903938e+01 1.708329567618256766e-18 4.342562448945312846e-16
1.405405405405405439e+01 1.707492970733165577e-18 4.292854678515845550e-16
1.406906906906906940e+01 1.706654445908410934e-18 4.243717822542297496e-16
1.408408408408408441e+01 1.705813985869460962e-18 4.195145309210248468e-16
1.409909909909909942e+01 1.704971583331752002e-18 4.147130642476008161e-16
1.411411411411411443e+01 1.704127231000867145e-18 4.099667401191909950e-16
1.412912912912912944e+01 1.703280921572690115e-18 4.052749238241645385e-16
1.414414414414414445e+01 1.702432647733600555e-18 4.006369879685653701e-16
1.415915915915915946e+01 1.701582402160616934e-18 3.960523123916346451e-16
1.417417417417417447e+01 1.700730177521593761e-18 3.915202840823108098e-16
1.418918918918918948e+01 1.699875966475392222e-18 3.870402970966996147e-16
1.420420420420420449e+01 1.699019761672055633e-18 3.826117524764855838e-16
1.421921921921921950e+01 1.698161555753001070e-18 3.782340581682996815e-16
1.423423423423423451e+01 1.697301341351190392e-18 3.739066289440100954e-16
1.424924924924924952e+01 1.696439111091331884e-18 3.696288863219417050e-16
1.426426426426426453e+01 1.695574857590061681e-18 3.654002584889963805e-16
1.427927927927927954e+01 1.694708573456126732e-18 3.612201802236805212e-16
1.429429429429429455e+01 1.693840251290594340e-18 3.570880928200191743e-16
1.430930930930930955e+01 1.692969883687043406e-18 3.530034440123534811e-16
1.432432432432432456e+01 1.692097463231751632e-18 3.489656879009987215e-16
1.433933933933933957e+01 1.691222982503910069e-18 3.449742848787693651e-16
1.435435435435435458e+01 1.690346434075822062e-18 3.410287015583506201e-16
1.436936936936936959e+01 1.689467810513103359e-18 3.371284107005070124e-16
1.438438438438438460e+01 1.688665420117398472e-18 3.332948005971462204e-16
1.439939939939939961e+01 1.688051481200487522e-18 3.295574278831936166e-16
1.441441441441441462e+01 1.687436458520527518e-18 3.258620583715180547e-16
1.442942942942942963e+01 1.686820349103657677e-18 3.222082191842884277e-16
1.444444444444444464e+01 1.686203149973940679e-18 3.185954427747659452e-16
1.445945945945945965e+01 1.685584858153403110e-18 3.150232668671352468e-16
1.447447447447447466e+01 1.684965470662062811e-18 3.114912343970097947e-16
1.448948948948948967e+01 1.684344984517999369e-18 3.079988934526174617e-16
1.450450450450450468e+01 1.683723396737380690e-18 3.045457972166440283e-16
1.451951951951951969e+01 1.683100704334506338e-18 3.011315039087342459e-16
1.453453453453453470e+01 1.682476904321862421e-18 2.977555767286475058e-16
1.454954954954954971e+01 1.681851993710163574e-18 2.944175838000513517e-16
1.456456456456456472e+01 1.681225969508390327e-18 2.911170981149486451e-16
1.457957957957957973e+01 1.680598828723847652e-18 2.878536974787377909e-16
1.459459459459459474e+01 1.679970568362205982e-18 2.846269644558899517e-16
1.460960960960960975e+01 1.679341185427546087e-18 2.814364863162400441e-16
1.462462462462462476e+01 1.678710676922404337e-18 2.782818549818847648e-16
1.463963963963963977e+01 1.678079039847826237e-18 2.751626669746821220e-16
1.465465465465465478e+01 1.677446271203419970e-18 2.720785233643441903e-16
1.466966966966966979e+01 1.676812367987378548e-18 2.690290297171100740e-16
1.468468468468468480e+01 1.676177327196561467e-18 2.660137960450082464e-16
1.469969969969969981e+01 1.675541145826528608e-18 2.630324367556856869e-16
1.471471471471471482e+01 1.674903820871582216e-18 2.600845706028038634e-16
1.472972972972972983e+01 1.674265349324828730e-18 2.571698206369994900e-16
1.474474474474474484e+01 1.673625728178229428e-18 2.542878141573945292e-16
1.475975975975975985e+01 1.672984954422641261e-18 2.514381826636541067e-16
1.477477477477477485e+01 1.672343025047875787e-18 2.486205618085908120e-16
1.478978978978978986e+01 1.671699937042745002e-18 2.458345913512993591e-16
1.480480480480480487e+01 1.671055687395121438e-18 2.430799151108223977e-16
1.481981981981981988e+01 1.670410273091986690e-18 2.403561809203398320e-16
1.483483483483483489e+01 1.669763691119477061e-18 2.376630405818747938e-16
1.484984984984984990e+01 1.669115938462946350e-18 2.350001498215136087e-16
1.486486486486486491e+01 1.668467012107022858e-18 2.323671682451285613e-16
1.487987987987987992e+01 1.667816909035641359e-18 2.297637592946003554e-16
1.489489489489489493e+01 1.667165626232122640e-18 2.271895902045391339e-16
1.490990990990990994e+01 1.666513160679221265e-18 2.246443319594925219e-16
1.492492492492492495e+01 1.665859509359165248e-18 2.221276592516321629e-16
1.493993993993993996e+01 1.665204669253738292e-18 2.196392504389271058e-16
1.495495495495495497e+01 1.664548637344304824e-18 2.171787875037805244e-16
1.496996996996996998e+01 1.663891410611900323e-18 2.147459560121419964e-16
1.498498498498498499e+01 1.663232986037263867e-18 2.123404450730752759e-16
1.500000000000000000e+01 1.662573360600893600e-18 2.099619472987824221e-16
